482.357	1	264
482.490	1	304
482.624	1	294
482.758	1	300
482.892	1	311
483.025	1	337
483.159	1	329
483.293	1	319
483.426	1	306
483.560	1	287
483.694	1	256
483.827	1	267
483.961	1	307
484.095	1	255
484.228	1	248
484.362	1	252
484.496	1	243
484.629	1	248
484.763	1	284
484.897	1	290
485.030	1	275
485.164	1	278
485.297	1	254
485.431	1	267
485.565	1	272
485.698	1	315
485.832	1	298
485.965	1	267
486.099	1	250
486.233	1	273
486.366	1	303
486.500	1	278
486.633	1	254
486.767	1	254
486.900	1	244
487.034	1	250
487.167	1	293
487.301	1	253
487.434	1	243
487.568	1	250
487.701	1	240
487.835	1	236
487.968	1	240
488.102	1	268
488.235	1	238
488.369	1	245
488.502	1	243
488.636	1	236
488.769	1	223
488.903	1	237
489.036	1	239
489.170	1	235
489.303	1	246
489.436	1	242
489.570	1	280
489.703	1	309
489.837	1	265
489.970	1	274
490.103	1	360
490.237	1	293
490.370	1	268
490.504	1	285
490.637	1	270
490.770	1	286
490.904	1	271
491.037	1	263
491.170	1	262
491.304	1	332
491.437	1	332
491.570	1	301
491.704	1	289
491.837	1	317
491.970	1	286
492.104	1	280
492.237	1	274
492.370	1	282
492.504	1	264
492.637	1	271
492.770	1	264
492.904	1	291
493.037	1	349
493.170	1	329
493.303	1	330
493.437	1	313
493.570	1	325
493.703	1	295
493.836	1	283
493.970	1	297
494.103	1	296
494.236	1	321
494.369	1	285
494.502	1	248
494.636	1	250
494.769	1	298
494.902	1	-98
495.035	1	215
495.168	1	272
495.301	1	255
495.435	1	288
495.568	1	280
495.701	1	269
495.834	1	263
495.967	1	280
496.100	1	305
496.234	1	284
496.367	1	270
496.500	1	269
496.633	1	300
496.766	1	302
496.899	1	292
497.032	1	288
497.165	1	293
497.298	1	318
497.431	1	269
497.565	1	290
497.698	1	281
497.831	1	280
497.964	1	251
498.097	1	241
498.230	1	269
498.363	1	296
498.496	1	296
498.629	1	283
498.762	1	328
498.895	1	316
499.028	1	291
499.161	1	313
499.294	1	353
499.427	1	346
499.560	1	402
499.693	1	372
499.826	1	348
499.959	1	351
500.092	1	347
500.225	1	304
500.358	1	317
500.491	1	340
500.624	1	321
500.757	1	314
500.889	1	335
501.022	1	356
501.155	1	367
501.288	1	323
501.421	1	339
501.554	1	330
501.687	1	341
501.820	1	343
501.953	1	391
502.086	1	342
502.218	1	311
502.351	1	313
502.484	1	325
502.617	1	325
502.750	1	304
502.883	1	296
503.016	1	305
503.148	1	351
503.281	1	370
503.414	1	373
503.547	1	348
503.680	1	352
503.812	1	373
503.945	1	381
504.078	1	379
504.211	1	344
504.344	1	353
504.476	1	332
504.609	1	337
504.742	1	343
504.875	1	752
505.007	1	467
505.140	1	411
505.273	1	347
505.406	1	-259
505.538	1	265
505.671	1	434
505.804	1	462
505.936	1	478
506.069	1	520
506.202	1	491
506.335	1	455
506.467	1	429
506.600	1	429
506.733	1	430
506.865	1	464
506.998	1	442
507.131	1	455
507.263	1	510
507.396	1	505
507.528	1	471
507.661	1	427
507.794	1	409
507.926	1	385
508.059	1	391
508.192	1	455
508.324	1	448
508.457	1	429
508.589	1	427
508.722	1	451
508.854	1	439
508.987	1	418
509.120	1	460
509.252	1	426
509.385	1	406
509.517	1	476
509.650	1	510
509.782	1	450
509.915	1	468
510.047	1	454
510.180	1	490
510.312	1	504
510.445	1	491
510.577	1	527
510.710	1	536
510.842	1	548
510.975	1	553
511.107	1	532
511.240	1	543
511.372	1	560
511.505	1	555
511.637	1	541
511.770	1	527
511.902	1	560
512.035	1	560
512.167	1	543
512.299	1	559
512.432	1	576
512.564	1	567
512.697	1	539
512.829	1	541
512.962	1	580
513.094	1	589
513.226	1	636
513.359	1	632
513.491	1	605
513.623	1	634
513.756	1	660
513.888	1	666
514.021	1	704
514.153	1	711
514.285	1	738
514.418	1	746
514.550	1	765
514.682	1	804
514.814	1	807
514.947	1	833
515.079	1	870
515.211	1	911
515.344	1	931
515.476	1	953
515.608	1	950
515.741	1	981
515.873	1	1055
516.005	1	1071
516.137	1	1022
516.270	1	1113
516.402	1	1203
516.534	1	1305
516.666	1	1343
516.799	1	1545
516.931	1	1730
517.063	1	2199
517.195	1	2781
517.327	1	3418
517.460	1	3922
517.592	1	4315
517.724	1	4499
517.856	1	4549
517.988	1	4394
518.121	1	3977
518.253	1	3466
518.385	1	2620
518.517	1	1786
518.649	1	1150
518.781	1	-22
518.913	1	516
519.046	1	957
519.178	1	933
519.310	1	905
519.442	1	923
519.574	1	916
519.706	1	946
519.838	1	1006
519.970	1	1026
520.102	1	1100
520.234	1	1170
520.367	1	1259
520.499	1	1329
520.631	1	1366
520.763	1	1421
520.895	1	1535
521.027	1	1491
521.159	1	1440
521.291	1	1503
521.423	1	1576
521.555	1	1738
521.687	1	1920
521.819	1	1911
521.951	1	1935
522.083	1	1943
522.215	1	2035
522.347	1	2101
522.479	1	2019
522.611	1	2112
522.743	1	2242
522.875	1	2310
523.007	1	2317
523.139	1	2440
523.271	1	2539
523.403	1	2693
523.534	1	2716
523.666	1	2763
523.798	1	2761
523.930	1	2934
524.062	1	3056
524.194	1	3131
524.326	1	3006
524.458	1	2934
524.590	1	3032
524.722	1	2988
524.853	1	2827
524.985	1	2751
525.117	1	2875
525.249	1	3136
525.381	1	3216
525.513	1	3067
525.645	1	2938
525.776	1	3347
525.908	1	3656
526.040	1	3547
526.172	1	3371
526.304	1	3899
526.436	1	4441
526.567	1	4979
526.699	1	5883
526.831	1	6323
526.963	1	7005
527.094	1	7617
527.226	1	8422
527.358	1	10485
527.490	1	12779
527.621	1	14253
527.753	1	16231
527.885	1	18750
528.017	1	19576
528.148	1	19872
528.280	1	18760
528.412	1	17001
528.544	1	17325
528.675	1	20194
528.807	1	22408
528.939	1	21496
529.070	1	24234
529.202	1	29846
529.334	1	33525
529.465	1	39012
529.597	1	40971
529.729	1	37724
529.860	1	36007
529.992	1	32393
530.124	1	27455
530.255	1	26042
530.387	1	29020
530.519	1	30896
530.650	1	29331
530.782	1	25357
530.913	1	21932
531.045	1	18671
531.177	1	18243
531.308	1	20675
531.440	1	24994
531.571	1	46234
531.703	1	64534
531.834	1	64524
531.966	1	64479
532.098	1	64459
532.229	1	64504
532.361	1	64468
532.492	1	64455
532.624	1	64478
532.755	1	50833
532.887	1	19919
533.018	1	15389
533.150	1	14123
533.281	1	13486
533.413	1	12380
533.544	1	11568
533.676	1	10799
533.807	1	10216
533.939	1	9239
534.070	1	9032
534.202	1	9291
534.333	1	9150
534.465	1	8729
534.596	1	7704
534.727	1	7127
534.859	1	6969
534.990	1	6652
535.122	1	6428
535.253	1	5772
535.385	1	5569
535.516	1	4301
535.647	1	5544
535.779	1	5522
535.910	1	5180
536.041	1	5264
536.173	1	5357
536.304	1	5345
536.436	1	5279
536.567	1	5043
536.698	1	4824
536.830	1	4865
536.961	1	4978
537.092	1	4760
537.224	1	4668
537.355	1	4657
537.486	1	4375
537.618	1	4073
537.749	1	4144
537.880	1	4130
538.011	1	4079
538.143	1	4029
538.274	1	4004
538.405	1	3931
538.537	1	3808
538.668	1	3792
538.799	1	3541
538.930	1	3605
539.062	1	3584
539.193	1	3171
539.324	1	1912
539.455	1	1138
539.587	1	1087
539.718	1	1249
539.849	1	1470
539.980	1	1823
540.111	1	2292
540.243	1	2906
540.374	1	3586
540.505	1	4304
540.636	1	4961
540.767	1	5615
540.898	1	6217
541.030	1	6676
541.161	1	6948
541.292	1	7069
541.423	1	7013
541.554	1	6860
541.685	1	6711
541.816	1	6568
541.948	1	6446
542.079	1	6277
542.210	1	6200
542.341	1	6075
542.472	1	6004
542.603	1	5746
542.734	1	5649
542.865	1	5458
542.996	1	5313
543.127	1	5173
543.258	1	5097
543.389	1	5059
543.520	1	4894
543.651	1	4788
543.783	1	4651
543.914	1	4628
544.045	1	4608
544.176	1	4491
544.307	1	4424
544.438	1	4301
544.569	1	4145
544.700	1	4045
544.831	1	3841
544.962	1	3721
545.093	1	3520
545.224	1	3387
545.355	1	3125
545.485	1	2983
545.616	1	2871
545.747	1	2829
545.878	1	2547
546.009	1	2040
546.140	1	2604
546.271	1	2616
546.402	1	2230
546.533	1	7476
546.664	1	13093
546.795	1	20574
546.926	1	27900
547.057	1	34462
547.187	1	39762
547.318	1	43826
547.449	1	45889
547.580	1	45115
547.711	1	41087
547.842	1	34323
547.973	1	26380
548.103	1	20094
548.234	1	16313
548.365	1	13909
548.496	1	12148
548.627	1	10963
548.758	1	9950
548.888	1	9222
549.019	1	8540
549.150	1	7983
549.281	1	7605
549.412	1	7207
549.542	1	7060
549.673	1	6993
549.804	1	7050
549.935	1	7174
550.065	1	7205
550.196	1	7322
550.327	1	7356
550.458	1	7387
550.588	1	7340
550.719	1	7170
550.850	1	6890
550.981	1	6555
551.111	1	6326
551.242	1	6133
551.373	1	6017
551.503	1	5935
551.634	1	5790
551.765	1	5737
551.895	1	5571
552.026	1	5492
552.157	1	5431
552.287	1	5302
552.418	1	5175
552.549	1	5079
552.679	1	5000
552.810	1	4825
552.941	1	4797
553.071	1	4655
553.202	1	4637
553.332	1	4549
553.463	1	4426
553.594	1	4442
553.724	1	4363
553.855	1	4277
553.985	1	4315
554.116	1	4257
554.246	1	4282
554.377	1	4218
554.508	1	4192
554.638	1	4196
554.769	1	4242
554.899	1	4196
555.030	1	4159
555.160	1	4173
555.291	1	4133
555.421	1	4126
555.552	1	4131
555.682	1	4200
555.813	1	4157
555.943	1	4201
556.074	1	4183
556.204	1	4157
556.335	1	4209
556.465	1	4182
556.596	1	4090
556.726	1	4152
556.857	1	4134
556.987	1	4161
557.118	1	4057
557.248	1	4017
557.378	1	3984
557.509	1	3904
557.639	1	3852
557.770	1	3923
557.900	1	3899
558.030	1	3897
558.161	1	3895
558.291	1	3905
558.422	1	3946
558.552	1	3942
558.682	1	3917
558.813	1	3928
558.943	1	3892
559.073	1	3915
559.204	1	3992
559.334	1	4035
559.464	1	4027
559.595	1	4319
559.725	1	4894
559.855	1	5683
559.986	1	6598
560.116	1	7218
560.246	1	7841
560.377	1	8328
560.507	1	8687
560.637	1	8999
560.768	1	8982
560.898	1	8894
561.028	1	8915
561.158	1	8846
561.289	1	8688
561.419	1	8292
561.549	1	7832
561.679	1	7372
561.810	1	6647
561.940	1	5080
562.070	1	3950
562.200	1	4700
562.330	1	4330
562.461	1	3935
562.591	1	3690
562.721	1	3425
562.851	1	3156
562.981	1	3062
563.112	1	2865
563.242	1	2724
563.372	1	2649
563.502	1	2518
563.632	1	2501
563.762	1	2449
563.892	1	2457
564.023	1	2430
564.153	1	2450
564.283	1	2408
564.413	1	2291
564.543	1	2427
564.673	1	2398
564.803	1	2455
564.933	1	2375
565.063	1	2385
565.194	1	2330
565.324	1	2293
565.454	1	2254
565.584	1	2243
565.714	1	2237
565.844	1	2211
565.974	1	2209
566.104	1	2198
566.234	1	2144
566.364	1	2169
566.494	1	2153
566.624	1	2123
566.754	1	2108
566.884	1	2122
567.014	1	2064
567.144	1	2092
567.274	1	2016
567.404	1	2051
567.534	1	2039
567.664	1	2019
567.794	1	2012
567.924	1	2015
568.054	1	2018
568.184	1	1984
568.314	1	2007
568.444	1	1952
568.574	1	1970
568.704	1	1935
568.833	1	1925
568.963	1	1943
569.093	1	1897
569.223	1	1913
569.353	1	1890
569.483	1	1866
569.613	1	1856
569.743	1	1868
569.873	1	1838
570.002	1	1864
570.132	1	1824
570.262	1	1859
570.392	1	1847
570.522	1	2159
570.652	1	2009
570.781	1	1821
570.911	1	1819
571.041	1	1844
571.171	1	1823
571.301	1	1758
571.431	1	1788
571.560	1	1790
571.690	1	1773
571.820	1	1758
571.950	1	1774
572.079	1	1753
572.209	1	1765
572.339	1	1776
572.469	1	1777
572.598	1	1777
572.728	1	1759
572.858	1	1733
572.988	1	1712
573.117	1	1724
573.247	1	1684
573.377	1	1656
573.507	1	1664
573.636	1	1715
573.766	1	1710
573.896	1	1701
574.025	1	1634
574.155	1	1641
574.285	1	1656
574.414	1	1603
574.544	1	1592
574.674	1	1609
574.803	1	1594
574.933	1	1582
575.063	1	1771
575.192	1	1694
575.322	1	1585
575.451	1	1574
575.581	1	1596
575.711	1	1561
575.840	1	1571
575.970	1	1578
576.099	1	1561
576.229	1	1539
576.359	1	1555
576.488	1	1526
576.618	1	1526
576.747	1	1555
576.877	1	1536
577.006	1	1508
577.136	1	1538
577.266	1	1499
577.395	1	1478
577.525	1	1473
577.654	1	1476
577.784	1	1501
577.913	1	1460
578.043	1	1433
578.172	1	1429
578.302	1	1477
578.431	1	1482
578.561	1	1439
578.690	1	1426
578.820	1	1393
578.949	1	1370
579.078	1	1381
579.208	1	1374
579.337	1	1350
579.467	1	1357
579.596	1	1365
579.726	1	1364
579.855	1	1390
579.985	1	1407
580.114	1	1389
580.243	1	1351
580.373	1	1346
580.502	1	1366
580.632	1	1351
580.761	1	1386
580.890	1	1452
581.020	1	1433
581.149	1	1419
581.278	1	1394
581.408	1	1348
581.537	1	1341
581.666	1	1310
581.796	1	1357
581.925	1	1337
582.054	1	1301
582.184	1	1309
582.313	1	1318
582.442	1	1277
582.572	1	1258
582.701	1	1263
582.830	1	1282
582.959	1	1289
583.089	1	1281
583.218	1	1282
583.347	1	1340
583.477	1	1303
583.606	1	1276
583.735	1	1252
583.864	1	1255
583.994	1	1133
584.123	1	963
584.252	1	1214
584.381	1	1217
584.510	1	1236
584.640	1	1164
584.769	1	943
584.898	1	689
585.027	1	1178
585.156	1	1220
585.286	1	1218
585.415	1	1208
585.544	1	1168
585.673	1	1181
585.802	1	1224
585.931	1	1232
586.061	1	1207
586.190	1	1144
586.319	1	1137
586.448	1	1107
586.577	1	1124
586.706	1	1165
586.835	1	1136
586.964	1	1151
587.093	1	1140
587.223	1	1151
587.352	1	1158
587.481	1	1096
587.610	1	1094
587.739	1	1118
587.868	1	1085
587.997	1	1094
588.126	1	766
588.255	1	934
588.384	1	1081
588.513	1	1078
588.642	1	1075
588.771	1	1067
588.900	1	1049
589.029	1	361
589.158	1	682
589.287	1	998
589.416	1	1028
589.545	1	799
589.674	1	410
589.803	1	626
589.932	1	449
590.061	1	606
590.190	1	655
590.319	1	-543
590.448	1	63
590.577	1	1004
590.706	1	1125
590.835	1	1049
590.964	1	1056
591.093	1	1019
591.221	1	1044
591.350	1	1028
591.479	1	1326
591.608	1	1038
591.737	1	1039
591.866	1	1036
591.995	1	1007
592.124	1	998
592.253	1	1043
592.381	1	1040
592.510	1	1009
592.639	1	994
592.768	1	1002
592.897	1	992
593.026	1	986
593.154	1	982
593.283	1	946
593.412	1	946
593.541	1	942
593.670	1	960
593.798	1	958
593.927	1	997
594.056	1	988
594.185	1	951
594.314	1	957
594.442	1	957
594.571	1	976
594.700	1	971
594.829	1	980
594.957	1	965
595.086	1	939
595.215	1	980
595.344	1	933
595.472	1	925
595.601	1	958
595.730	1	935
595.858	1	949
595.987	1	955
596.116	1	931
596.244	1	949
596.373	1	928
596.502	1	897
596.630	1	903
596.759	1	889
596.888	1	864
597.016	1	924
597.145	1	910
597.274	1	897
597.402	1	889
597.531	1	905
597.660	1	857
597.788	1	869
597.917	1	877
598.045	1	891
598.174	1	895
598.303	1	902
598.431	1	860
598.560	1	875
598.688	1	883
598.817	1	870
598.945	1	880
599.074	1	852
599.203	1	834
599.331	1	845
599.460	1	829
599.588	1	852
599.717	1	848
599.845	1	858
599.974	1	870
600.102	1	848
600.231	1	845
600.359	1	820
600.488	1	826
600.616	1	811
600.745	1	823
600.873	1	809
601.002	1	832
601.130	1	847
601.258	1	831
601.387	1	814
601.515	1	838
601.644	1	835
601.772	1	807
601.901	1	835
602.029	1	800
602.158	1	834
602.286	1	824
602.414	1	848
602.543	1	809
602.671	1	829
602.800	1	850
602.928	1	841
603.056	1	840
603.185	1	786
603.313	1	780
603.441	1	804
603.570	1	811
603.698	1	785
603.826	1	793
603.955	1	799
604.083	1	817
604.211	1	773
604.340	1	811
604.468	1	797
604.596	1	801
604.725	1	788
604.853	1	797
604.981	1	757
605.109	1	768
605.238	1	770
605.366	1	748
605.494	1	788
605.623	1	771
605.751	1	759
605.879	1	783
606.007	1	820
606.135	1	761
606.264	1	786
606.392	1	764
606.520	1	751
606.648	1	772
606.777	1	757
606.905	1	768
607.033	1	782
607.161	1	753
607.289	1	769
607.418	1	741
607.546	1	728
607.674	1	723
607.802	1	737
607.930	1	738
608.058	1	742
608.186	1	744
608.315	1	733
608.443	1	723
608.571	1	730
608.699	1	707
608.827	1	722
608.955	1	724
609.083	1	711
609.211	1	1006
609.339	1	811
609.468	1	699
609.596	1	695
609.724	1	691
609.852	1	703
609.980	1	713
610.108	1	688
610.236	1	678
610.364	1	676
610.492	1	655
610.620	1	659
610.748	1	680
610.876	1	662
611.004	1	646
611.132	1	639
611.260	1	641
611.388	1	637
611.516	1	636
611.644	1	642
611.772	1	627
611.900	1	585
612.028	1	600
612.156	1	582
612.284	1	591
612.412	1	572
612.540	1	557
612.668	1	555
612.796	1	540
612.924	1	518
613.052	1	500
613.179	1	488
613.307	1	476
613.435	1	485
613.563	1	454
613.691	1	419
613.819	1	406
613.947	1	391
614.075	1	358
614.203	1	365
614.330	1	499
614.458	1	625
614.586	1	404
614.714	1	298
614.842	1	267
614.970	1	244
615.097	1	243
615.225	1	228
615.353	1	200
615.481	1	199
615.609	1	166
615.736	1	146
615.864	1	157
615.992	1	140
616.120	1	128
